477950226148 
638691425226 
77499046822 
482560671410 
767069486848 
699937933968 
983364624700 
856705578284 
123190433293 
994914891312 
318988945656 
237561977202 
382797462148 
522046167069 
228133116606 
657939589 
46172564217 
151141916946 
670685323977 
239892322071 
924606928714 
990886518896 
550107622916 
221516370299 
317867590222 
295121037907 
636546856417 
551666324839 
635021971202 
938910559017 
796192369634 
764990050385 
409379331210 
941306267842 
428653074399 
615338376650 
44805598762
451664529455 
391484459944 
757745336500 
160451289559 
10178946262 
803994586496 
665235857507 
925388966395 
717622576036 
776943239173 
38149153680 
791087549376 
277863460904 
17349584398 
419736553195 
731214469714 
356277631944 
305638704338 
273524683557 
124495511972 
824354677728 
85461566979 
565838779160 
620971310559 
627759919762 
386334432126 
785783606641 
42478776715 
473157502781 
427819731648 
365661425835 
178429594391 
126330544635 
138930902214 
157342417307 
721326970105 
100595476505 
925530263409 
187054122942 
296760912265 
254249395850 
383235876581 
208927524457 
21881656304
466346088547 
582677915743 
534066924439 
715012657310 
165538523239 
937298632809 
475948609917 
381478513831 
110976955158 
972490414337 
445826514658 
75644161419
709210088901 
973774142007 
457396962160
831465826969 
810787719493 
120807034136 
44599344890
